89172
41299
95332
58716
70247
51821
60182
83488
72638
58562
14435
92579
5726
61864
21738
88922
7859
38818
24500
51084
85371
38393
8952
42527
70324
38439
88824
94342
28656
2694
88571
1167
24645
73629
88812
11496
11614
68950
62902
61723
59186
84620
8229
89392
11054
50117
365
43625
69861
83080
58004
982
89224
98883
86204
56726
29911
67044
14614
55564
36888
26765
35045
88431
12816
88086
24030
12476
47392
84447
47539
90268
61964
3832
74347
89518
99572
61146
55988
19045
47973
31311
40120
68671
13219
56561
22456
78233
65926
17394
42796
29880
32284
88552
31
8966
75663
21147
45741
40047
26212
608
40950
25579
10625
14936
42324
27913
13854
18309
11437
87538
40944
68439
86402
78914
83722
28839
53112
21246
26802
43609
7212
26522
26163
14955
23627
1680
5236
64759
59542
29133
27174
23609
53167
20194
4219
97379
41162
27890
63075
6156
99868
99275
95062
22050
592
90364
47439
96559
154
88472
52954
28414
50945
25030
27937
89175
90481
56936
86899
23290
13556
31303
41084
45412
22807
33728
89189
64754
66073
50999
94166
87710
68276
188
48067
25086
28352
2707
6482
26506
45933
91989
83595
81941
32285
56138
94725
60402
15011
8508
6393
87728
72657
33745
89626
52960
31882
17913
85554
62968
52992
50168
67872
86852
33905
60705
45388
87208
22657
81238
7628
71951
30125
27262
22878
67340
5502
35021
46835
72055
10227
59178
87971
13476
94358
53682
25413
99024
18508
22496
88765
4801
86715
83608
61063
98096
4853
88258
57786
11608
76118
82000
45055
30863
20336
49222
70674
81962
38378
75098
77646
8158
95275
58178
36473
22044
24877
17097
48278
11129
91253
50259
86429
56866
40597
86975
54871
51955
39923
85556
40957
90045
55859
84692
34607
74155
37302
45486
39667
46916
6670
8094
85181
87134
34036
91812
24775
3104
89168
84321
30163
17437
28721
72802
54347
5406
6499
95102
17218
51903
97728
303
91936
5192
1334
57501
2620
75802
40712
56911
20765
98188
81693
90488
12727
67459
82905
26113
85694
87669
65478
44160
57125
88569
11475
39969
10163
60903
72290
1883
51623
81656
64422
74389
68084
46779
93693
2131
31491
11193
97564
34081
86185
21815
94592
16217
63456
46879
33906
98715
83708
48259
63824
71697
39040
38957
63411
83046
15164
77919
82718
93938
15589
13652
99367
9473
30147
90330
8951
51415
99538
64306
89443
53166
26656
47626
24008
92060
97325
22731
95369
58108
31065
15776
93453
881
6454
77045
89578
99173
85410
15764
63378
53155
1611
8976
90182
82603
35041
59524
62623
78276
26542
76738
30708
34610
34185
28122
64835
95625
32360
18569
13445
17591
31584
90075
22185
10766
99073
44638
91973
87770
86423
27215
10990
66121
14927
31754
87725
5799
82983
33140
35839
41884
37984
11293
71644
56509
67820
28825
38676
70480
37070
12261
45097
82971
63590
29439
36664
39111
24320
87
76177
75152
92403
30724
9176
31035
4630
32627
18105
23871
63931
33711
10865
57915
8246
96140
34103
52244
51805
81915
69292
75141
91819
37179
32734
4217
35934
64386
99538
33634
1831
21142
76770
65428
10715
87975
59575
74078
51181
19296
6423
22830
22231
88104
83754
13876
84608
66502
2284
56900
93895
6118
98820
84057
47029
90444
59128
51772
26489
45602
5765
41964
74105
80370
25114
58214
95266
32193
3611
23140
75570
52597
10075
88537
39698
30246
87067
88564
50770
60080
35592
76898
13921
93949
79165
65433
81821
13978
28149
25178
57126
9627
35328
78639
52565
80909
92312
87847
3675
26700
5831
50363
91573
25007
93202
64942
32241
70150
54190
55174
6965
82684
54406
61636
96163
81597
76765
69502
98258
98282
94125
96007
63951
84057
54127
51842
58562
63777
5445
41659
87411
69195
33269
33832
40891
43980
85018
84117
8803
26253
21230
15898
90973
20573
91095
84556
40240
58147
53758
85686
2015
67703
96312
7293
7676
85744
22591
27051
47907
63967
74470
7326
87947
25418
55451
15383
96685
39265
99664
34659
70953
80910
22579
20102
10663
63945
57260
11633
35448
64776
4553
5902
79596
78207
81519
13195
25973
84772
48883
73607
39372
81248
97344
62395
49149
26295
13759
50335
89583
70610
99029
56200
77614
29694
61099
4621
5863
48747
25690
61557
62229
27121
85055
65368
32117
59771
49704
73491
44091
53357
30001
84148
7455
22240
4838
86463
76274
70182
25644
13215
64601
21960
86665
29427
29678
17449
1658
8594
84109
73424
36146
166
17700
8422
86135
30697
65388
16838
92982
81582
24127
94957
22600
6565
42475
91854
85888
35864
61680
35909
37765
96213
98562
42791
55523
77993
48308
88095
599
43199
10918
33963
11311
11015
12994
30527
84397
81348
58143
43831
85938
73883
82078
99375
9115
78147
64073
32131
41390
91618
99232
98501
27374
10380
9407
47648
93114
41612
70898
50553
73534
75734
69152
26750
90372
18523
95209
27833
86712
50815
54816
29639
62819
56771
56314
49248
88709
60472
76074
87506
94966
80440
19501
70183
89306
12598
11423
33627
97505
23088
84378
23396
82996
43287
78044
89929
73600
67025
67645
96424
49191
88974
18560
79219
76515
95557
18877
56211
35168
58266
55563
4303
91587
32936
75255
87185
27250
3631
74328
95011
59874
90095
47887
62153
44916
68903
44780
26956
40083
56535
2279
69504
59230
18879
77365
63629
78780
99097
19158
1658
51297
7844
83051
68383
12712
8478
27702
40075
62284
60889
22575
78563
96912
12920
2037
8702
15504
17220
63092
34771
48131
36995
81280
20181
42253
65610
52329
32847
54478
86284
70517
89124
55763
17976
98466
40491
16661
90093
8280
44627
75548
11785
39224
56645
48862
8087
14081
24684
54687
42921
37329
69046
15675
62226
69549
7790
68853
32649
91925
67572
9136
51458
77157
65561
51234
48875
60509
99833
49934
19831
2372
134
78210
916
14999
72023
19182
75516
54538
41226
49850
37031
59765
13892
6553
86858
83317
37105
424
51311
72383
2983
97573
53264
84278
93683
27035
32725
92719
95757
12446
16230
36039
44844
16838
53431
93096
79686
66560
38207
18664
38857
98852
66204
45915
10652
28295
53899
10026
15128
7752
67440
52231
25762
93877
80651
27694
52252
23022
35073
41439
93608
16242
19337
79895
32392
27963
31115
25637
18941
98448
64967
12329
93259
12267
60868
70595
54430
40879
24894
44956
4830
13315
38572
64336
81935
58692
61923
45936
41360
71092
24792
13312
24540
27466
20039
65250
21431
18408
88278
18236
15145
28170
2194
96859
32018
8139
29637
37630
80005
53477
67154
9898
30143
98386
89849
24802
56142
1968
27970
87047
44924
77202
60500
41256
45035
27239
72629
47418
87903
83226
96769
65265
98344
56022
79237
9975
24616
66781
59840
69172
21968
45851
83433
35580
85132
27249
75188
91890
35768
49785
59473
62307
89913
4873
55700
72411
42140
44153
58329
59857
83209
74584
58277
32942
32163
41830
48074
19085
5736
19732
6800
58125
83952
61329
99543
25791
47310
79524
82403
19169
52740
69363
54795
43295
87407
78411
8380
94980
953
51127
35228
25330
76849
24562
20713
2759
12246
22853
50938
34271
65150
69466
44688
98084
42350
39347
42162
96040
85462
49518
78821
81402
85033
38273
14797
40387
7925
1770
44025
74675
35730
89976
61116
12751
68071
98331
47436
22972
91294
63618
27679
4295
83301
11916
79402
66168
32992
69531
48675
74728
477
89341
58378
84416
17350
39429
45324
20107
46611
82195
20268
86393
58692
50910
17039
34341
87199
97804
83550
54472
39828
11526
47865
39142
18371
18900
56079
28198
45861
69332
14812
36453
2707
50078
93415
72869
10032
18980
80715
60883
17255
18809
90170
13544
26245
97470
45754
13996
80282
76859
73950
14306
33803
68593
49420
11882
49511
35855
2926
65617
85810
81626
37319
54018
85766
55904
93138
88164
77163
5406
81077
86811
48738
49504
60142
75175
97689
28117
62067
28805
88074
68622
88818
78676
47480
96076
749
12902
65720
40360
82799
17664
87630
55455
10276
45333
11526
56494
21
22278
70166
65248
71549
66812
59600
66660
93215
46599
72090
30492
87904
39063
83301
31093
60081
98549
73413
78882
42210
36701
40396
65253
42457
50962
57097
4484
79740
68223
32447
17890
65379
64833
65692
44250
77127
13041
63097
19612
98970
66601
21047
79931
3936
67038
99818
37165
71518
71927
53569
57831
30589
26043
44338
44661
51446
10005
27471
83179
69953
36350
70567
19485
55863
95464
20304
92123
9453
68000
78416
30141
44499
52342
98073
75609
38287
50652
64211
85517
49671
46574
67464
89706
49257
18180
88081
16902
30411
61651
23361
56482
15145
39962
34727
68537
1964
10687
23505
3821
23331
67227
16081
17317
22105
63263
89144
44067
32747
56976
15900
79604
54481
44768
50408
70221
82686
37689
94485
38790
73346
17689
70431
22021
84238
20434
60024
24647
2564
36639
62377
87924
7419
37959
94256
73686
92314
65272
87242
17287
34774
21132
38726
71615
58234
33250
87201
35003
15077
19486
33317
11173
21420
1316
95749
48605
97242
36216
22935
85712
22789
90204
61361
10206
30933
86038
78186
92918
90360
83748
62695
67140
63847
71959
19767
5174
82975
96682
48918
10444
34491
82680
23409
81879
98566
76037
20533
62439
16287
37162
16940
64857
34644
98724
24621
82374
25118
56158
14624
22862
83074
55565
5332
8467
32577
91483
39825
90660
53212
5241
86818
42600
93551
62910
93499
24441
96521
11570
4697
11770
52734
41116
49423
94014
81234
36991
78860
60254
47890
48613
49594
99894
5820
9273
95970
9989
52177
65837
57368
79426
42419
26749
22334
4629
99557
61642
25446
27226
46578
50004
9480
89297
90091
52996
69476
20080
6249
69624
13253
2280
40765
6822
85141
18287
51891
95697
28839
32544
36405
88519
83916
48181
73604
96959
39417
250
59482
78483
80245
77902
62567
34970
46157
56013
8762
10240
82261
11227
41186
69404
53992
36171
20071
98778
56404
42118
23865
70356
24743
10978
6459
30117
10002
41053
62231
26766
93292
69430
28904
60039
51375
15845
9425
55524
81937
87421
50748
81139
86451
36769
75461
97735
60387
79670
32929
52082
90767
85034
68838
15318
98216
22695
34589
59542
12452
32079
89269
28603
4638
64675
52625
95103
52188
43076
7893
57011
72831
60523
59117
3788
43039
17692
43993
81488
12813
2871
61763
38824
92114
89302
43952
90684
29100
94924
70086
67694
95518
78522
7978
46140
51102
54333
75216
72379
21052
98817
89946
8486
30623
49065
65023
24216
53230
60490
26448
74598
70276
5520
97102
29259
51756
44085
21063
43679
21567
88067
18565
6199
98171
69397
22487
89297
41648
69703
33741
39623
2468
52465
62167
68033
99679
98606
47002
89369
6360
41191
19864
14174
7998
93022
47257
2255
42240
43975
9088
83476
10884
49255
44641
37072
88961
76426
64415
82
6697
4441
98291
51916
26503
19230
68995
29757
95356
1326
52115
64678
83780
60391
43574
15630
64681
25467
2384
10745
7686
4482
26222
44440
93035
21366
11923
96833
70767
59115
64099
62674
56732
58194
18403
40063
43465
58113
88167
78222
8196
22243
85528
23921
29307
63957
60243
73594
4914
12195
87995
76321
67712
76804
87941
45382
29526
88977
8531
87871
95574
5096
39019
30738
64022
96015
18382
40719
48753
46355
2404
53785
7348
55813
57414
32123
51642
19010
30384
61243
24317
42419
82765
88889
70759
19844
97171
38729
9387
10115
65722
19963
29458
74641
32486
32895
19607
4194
88576
70481
57802
85208
91002
89813
71550
10897
53978
92879
21026
28190
90376
46549
74594
6308
28533
39469
91127
92645
73238
21422
10160
26620
20126
68014
95391
6112
2562
51083
32948
66457
44019
5609
97178
49443
24760
59946
20090
53750
1375
7187
9866
34156
14414
49664
61124
79199
95905
75706
80841
8394
28504
50813
58792
29834
2682
10580
33755
63183
41893
36466
10561
39363
80065
13861
69935
45276
29121
11821
85698
19632
50332
29622
85512
30624
55154
40387
40213
91325
75877
5330
81360
78632
37447
7244
91437
53542
87130
81046
43574
40024
68893
26362
89713
75803
61573
46934
79468
69815
49675
17647
12920
56974
40836
23100
14096
12933
62198
91811
26500
11432
70857
68199
30319
89297
56804
14351
69818
3697
93561
3078
51922
77922
92787
42536
89182
11534
21249
35732
79105
75793
68759
4570
92844
91244
20953
73240
84601
70940
75260
1094
28004
84639
68998
68801
82550
13553
14924
76425
11788
52688
63377
84768
52686
51798
32617
31666
51183
12621
86792
18574
36872
14339
69676
78602
98591
93049
8924
35931
91445
71489
42289
25372
22908
98033
67095
82333
88728
13980
76280
11744
82329
66384
39834
43623
71087
28012
10970
56460
67876
20981
19205
30843
6684
16931
39718
49188
91561
31606
11198
36653
9295
17757
30952
7522
72608
87865
33760
13587
71786
25972
83760
53941
1388
57179
83184
62560
34185
16565
57928
44247
88972
10376
55508
61297
82254
75082
83884
40262
85978
96012
8606
21896
35268
6188
8541
42399
23642
37850
90660
26538
80519
36136
17612
91981
17032
8943
34076
1919
58719
93726
8466
75083
73040
76964
36654
88726
79466
21144
7500
93873
77719
10571
74527
81430
87452
12286
17278
77178
82415
9292
56579
66360
95186
86042
70850
55843
25499
23772
19075
95368
72058
39369
13378
62046
15073
86338
15438
26747
43483
52381
25981
13898
62517
35924
30397
58348
2088
22500
90012
12632
73506
24877
61591
21390
41458
16663
8308
7369
24945
40798
27256
738
4103
34022
75306
42572
27322
69602
7199
69851
25647
55680
86106
23173
15582
37715
61529
78893
1296
50615
35802
36973
85446
99305
21673
47933
12565
97720
89091
42445
4500
2074
54390
27129
88426
15912
82359
66438
85836
86810
93706
89714
98141
20188
79921
54263
62059
27423
89176
72252
43949
39870
4354
86969
99598
52699
47432
16850
85106
55322
56493
73868
93388
26131
21745
68204
10968
72863
62287
29409
87992
26524
21677
41970
1350
71
35338
2426
64591
81934
8283
95654
87331
35548
5314
80729
4869
56688
97550
80111
9039
90286
35705
60770
87863
79878
26932
12412
48093
23439
60531
77516
12280
62000
55749
95237
44972
26132
85837
25343
91939
48208
29593
74103
80729
24521
99877
21422
97503
88756
58133
37770
63869
41211
88822
14436
47372
84825
28802
48216
19508
37134
10429
49297
44132
62129
35284
25424
42154
50233
41414
66022
46838
50023
96458
77571
1393
3893
50153
2954
42981
10186
27784
15412
15156
74079
6038
62897
39850
41365
77185
90014
17442
85249
86085
15326
88703
77594
9030
25127
95351
52672
588
73514
56723
88516
59966
42371
87213
45866
62927
47841
67142
98817
21284
59788
6421
68646
52450
4717
83593
36492
89840
61420
6705
61526
92802
98237
5659
20813
75116
54275
84044
60484
17564
51806
23986
96393
57259
22480
70215
75610
17097
14404
83206
65666
7856
68421
59371
9256
76322
68431
47387
10470
25008
7948
37550
86799
8266
17336
96916
40834
24622
36033
89548
55436
25684
47508
44190
80589
46539
32095
27551
67472
22696
33648
27799
16251
39512
28375
77626
42314
67699
20590
76487
67728
61144
42006
66267
61958
62499
29549
29373
72278
87646
37602
35698
90875
31315
29096
99301
45169
78628
78374
92105
11336
10009
65436
59356
53246
64882
33450
11807
2550
97123
90842
81615
2809
98775
60874
44271
14392
64887
58405
36688
66690
84118
58313
19635
64686
33298
39698
83862
66375
62434
64040
44124
36124
96634
99371
66835
74640
21488
96925
11839
30097
6123
24085
49414
9267
89481
86004
19246
7924
46593
97112
91535
53635
46980
72399
79466
66328
68493
21691
40013
62338
87794
86948
18131
37779
78579
18729
2872
93717
80965
22699
86769
13072
71393
65399
60237
78315
90861
64026
45986
88795
79740
1762
53321
10481
1614
68121
76598
27920
44734
95656
42301
28388
73334
14042
22607
14230
71788
617
39614
64340
29995
43102
9209
70492
33204
52619
78124
63533
8507
13482
98078
21909
10965
51859
59515
67975
4559
45869
64549
36376
12782
29932
25321
82069
38910
34460
68013
3670
81844
85532
94263
28631
10140
50128
32061
93412
57287
18758
40356
65149
11792
71129
76125
36058
79766
47564
53376
6250
50041
54022
96149
27991
71988
28561
4514
33861
14284
99787
40509
49120
40125
79027
51527
75564
28164
84751
31859
61928
4500
48097
2334
29427
31837
25552
42625
31535
5736
21178
46833
53184
70849
46596
86451
93310
33152
53817
83647
29504
73276
5919
33298
23477
79261
4992
2518
83704
17074
55625
88057
37450
50971
49635
34851
2970
71840
76225
42160
95508
25844
76421
66979
75881
62436
61802
5904
16598
65935
5306
25287
76380
65874
72271
25447
6317
47116
19295
1159
59392
85937
34200
95850
5933
8126
15938
45424
95186
87678
90508
48163
93624
89130
65113
59447
27407
34424
12364
61298
47267
25690
26333
6019
74178
97099
62017
42069
30206
61200
65481
13773
36146
99692
62224
15166
249
25372
6912
79456
12746
77961
99224
21836
64714
38160
46788
16967
64459
41367
36613
16546
96709
43606
21729
23048
39671
90437
15673
32967
55921
34355
10429
50249
93281
54466
80248
18698
9401
18155
59664
93657
35498
66195
58474
25740
42322
43753
7391
81430
3002
21796
40272
52666
21428
34607
66781
90486
87058
95762
25163
9505
47636
56249
3218
92028
50836
4780
60942
41699
67856
27763
75705
37362
23610
69858
73476
87573
16655
22851
71613
95278
34778
42835
93687
83816
49582
75739
46221
99354
47943
94773
65023
38404
63485
70480
45252
95737
934
69682
5393
13732
41021
95066
99798
43370
36778
84894
31620
19415
2472
86840
36445
14685
74431
9110
84843
22378
38595
50328
31502
67785
75034
60172
46261
48196
34345
44842
90339
75400
64432
90417
87030
93426
33830
7822
96772
10645
27376
33623
65404
34597
59873
60104
80497
35027
23287
72723
75320
41267
96545
90278
82635
43062
34825
87548
21915
11728
2977
9533
26344
43443
63052
75231
19896
7845
66714
68250
83569
70775
95256
63572
57691
11218
19636
19563
40640
57482
73147
2254
99394
97299
86850
5747
6554
7913
54970
50069
21226
54831
69723
19058
94201
15277
47507
19510
10567
25488
10753
31029
71995
79699
56668
97957
3916
47576
59539
63144
21434
57310
41894
60292
27453
3770
533
17640
10907
97929
57407
91934
37778
68679
94949
67340
99774
25919
58251
2718
29713
55734
12885
94393
63176
46225
44773
41700
58316
82013
8515
28765
12741
62202
86444
26200
25729
83753
78079
84395
98552
218
31352
83866
98720
47192
9376
61931
33632
79015
22216
5542
54473
25935
57843
30658
70546
76634
81828
54598
70228
84763
79224
55992
53792
3646
26477
24793
69578
68995
83258
32930
79835
55374
433
29700
11793
56245
10595
76117
40139
26044
79733
44602
11868
74820
10224
84380
81280
92312
18776
16485
62445
36477
78359
77048
47731
60679
73902
71911
15528
56237
5425
79658
13910
30547
49245
41497
41965
31694
30991
664
30950
44339
18429
24944
13383
73931
77243
31450
68471
60347
9474
81863
1661
64696
52278
6577
76488
80948
44322
4022
23974
39265
59407
95355
91460
53022
35320
97852
26750
76251
59634
41274
84199
40331
3150
73536
56327
27755
60020
87695
94043
59859
74628
15486
57634
25616
62766
49983
60295
25523
4763
94389
39042
83047
58764
1246
10857
40867
48866
11809
7426
80720
95545
13793
27355
68391
74329
1163
68010
37198
25815
82810
59343
50244
88373
84285
60750
87023
92601
11428
81148
18025
24673
3779
38329
80536
85051
6977
13498
43602
78118
14720
44001
13728
10688
66092
39742
62656
80670
38120
73745
61208
5875
9347
46124
40173
69642
51189
13365
97646
98014
52144
79674
73418
37681
68297
70981
4464
57123
7969
81365
12187
61612
31833
54728
9288
81714
46882
78259
25947
70737
37241
26967
95321
28296
60470
62869
9506
11215
15755
11434
23990
62937
23563
80075
99762
61664
60126
52270
90965
11004
14035
76699
59642
96099
78485
42910
12411
27410
53952
14782
48226
56880
49247
88540
3933
48703
35196
57670
35880
54335
36698
35434
82912
77956
46936
45625
82171
1831
75149
38699
8008
69720
99447
90107
31211
29435
32334
24004
69680
53278
45154
81356
7075
75575
75505
33896
38805
9630
39814
73644
43031
30377
23232
8580
69412
3672
88161
21413
49305
37926
92896
89483
90295
5239
93809
40542
31628
5832
77718
42538
88999
55711
13550
27882
6541
52322
75458
54197
41339
59716
24406
18427
99256
28663
22870
15564
1927
13941
74887
58734
61765
57033
80435
38457
72512
54850
78834
24520
48458
98962
91343
90869
67943
66772
94960
11052
62583
99832
13907
56843
2694
47760
74763
14783
69229
97466
10942
66974
1768
46262
10683
99855
21531
74695
54524
85929
85493
20819
59595
43401
58575
63386
68664
33699
9517
54066
24860
10756
75789
79954
80604
37840
26840
34206
61314
6456
95191
45599
55459
10964
84073
69523
80721
23204
70946
34408
66251
83448
74657
9674
4912
13521
75577
41620
59791
94852
70498
58989
94779
35398
23454
23687
25008
72511
69968
42659
34403
2100
5368
17581
14883
96420
68237
41970
30952
55923
14715
40208
22369
86055
61354
56753
50508
18648
23601
13592
70578
94817
57757
51919
31304
58999
57341
66493
73723
28502
5037
17282
49615
91986
59426
81361
63748
50498
19022
38942
71297
24396
66427
61114
30704
97163
43259
81854
61564
36451
32964
33718
43712
74120
16574
63271
93279
51252
1373
81973
40233
22415
27527
91184
64509
38627
64789
4513
65437
92901
80808
2206
92433
73614
42071
62394
73144
93268
89591
21352
86968
84038
66804
68019
95837
25078
10913
98396
79432
71861
14918
77594
74791
18830
84213
71492
72454
73900
52721
62768
16789
30614
830
64967
29492
92197
6032
14347
64813
47599
41730
4125
44394
59257
99171
54201
70133
39618
73095
98734
49391
56759
79314
46664
76789
63461
66655
77408
77271
2252
15546
71109
5169
7760
28937
72840
99048
15761
14951
80357
23297
27068
27752
19379
32456
82498
313
91380
23796
94095
66099
69724
63842
17865
12040
10872
79055
99447
99452
20825
13661
94470
4082
97513
90758
99703
30915
55402
45588
4543
62318
23978
54242
43198
74405
7457
74474
83310
93544
60412
30089
62631
15606
7112
17987
50776
89617
15659
8423
88067
69717
91466
93
99201
90842
79874
49511
70478
34448
41962
27970
13339
99204
7826
59793
34742
72901
70423
74036
59193
68099
87847
52786
36906
46658
31634
94513
773
6267
81800
6483
81561
37447
56511
94964
42535
32194
11319
5655
26944
46040
44935
18580
36261
2070
57788
78687
91080
47646
80899
80204
19643
60184
81592
82415
12023
88249
94615
45342
46443
78980
28028
32267
8147
14655
95542
80789
77894
28443
19795
90266
23049
42372
4888
9891
71651
81979
98682
72125
87187
60268
98220
98040
36079
8283
46120
28077
66858
74364
53650
79118
54881
41432
1855
3630
68798
5151
4355
56220
9144
41518
7815
21851
26599
76941
86031
75365
4557
43927
86494
43051
16628
47972
99162
31091
50595
26200
25395
1447
99128
79495
76443
61552
42513
57774
74400
39320
98621
94178
58941
30177
97510
15093
93356
57830
6031
99908
57508
55105
70558
13092
59044
73252
7810
28544
11508
90929
51983
56352
45925
54167
82550
13510
28900
22698
11386
16823
83662
32639
13064
95363
38946
88658
27788
60891
53538
67261
92517
59498
84219
82993
3484
46837
6696
6290
53364
32919
96920
58553
73417
3808
90537
15798
12859
87176
35817
32675
63501
60749
24171
55407
84237
12267
60557
17565
71748
68402
47875
56595
24555
68468
48757
33413
6691
13485
41794
12234
80591
76495
61750
76035
11617
14813
90884
58241
36131
41863
98956
4894
38280
78608
43044
70037
81455
46710
71121
66842
80982
49066
34997
57534
99634
20664
61059
48748
7601
75606
43295
58581
86775
21642
32623
28959
14094
23499
75709
46781
32217
10528
4248
12114
77226
54302
47490
76447
9901
34838
91437
83186
3723
49089
72723
63357
69518
70391
48938
64101
65576
49721
25624
41442
47608
32225
95956
66945
55585
7180
25645
12530
43127
30709
71017
69815
3759
60794
41273
46123
99769
27236
13747
83448
82380
61301
39394
9779
79818
92050
98078
81160
28654
9725
43598
70325
15147
37035
31655
10308
17786
55429
66673
15904
53632
60095
32650
76104
10397
20893
47343
36382
55844
78985
14268
40281
50751
22738
34865
21803
11721
83645
67730
24125
69200
77665
81120
92832
298
40052
56839
56826
17961
43266
47753
95265
63105
15279
32971
90038
11205
75634
85862
15315
35232
34713
55661
29149
95962
23930
78450
10661
89247
4973
29335
76293
79744
99478
53592
3745
57392
70960
30197
92085
41532
78213
32309
92747
59147
71963
91697
4976
18861
91125
10582
60552
30106
53693
18617
24527
46640
12976
82744
97555
79611
96853
77742
55114
60477
19049
75656
62889
69373
36170
12506
67966
91869
13859
44542
88255
21566
29156
68720
36945
56354
41411
69564
13118
41726
12806
41298
43175
56490
96124
3715
93581
19713
64816
58253
79836
17312
60346
47631
58601
38617
43355
40241
2995
98426
71212
7619
17320
26888
93531
85828
66997
92002
35973
64496
66786
70842
15468
82897
60450
19059
45437
59674
8191
3300
38879
47213
70861
79890
2520
49301
39727
57430
68131
2400
21151
59960
15373
87909
57482
86495
64433
16550
94632
28480
67024
66724
847
93322
85104
79080
5253
86763
58402
20502
69797
73591
38652
44869
97120
63176
57498
55013
36222
84236
68711
82727
45826
90151
24141
6605
38922
96134
39607
19714
75733
68206
30818
57919
54958
9959
51662
39088
7755
8329
40035
14460
89850
89406
35295
23472
34455
62125
12457
12729
19034
42440
63750
88323
16515
65406
9659
57612
32193
58528
966
51136
37104
97022
7182
41207
20998
30716
67429
45595
69263
40816
31822
74753
99457
34481
49857
40131
21883
36032
75062
73058
32107
98538
9830
88353
93677
58125
61554
65093
83212
41198
94756
77333
2884
44611
85386
94846
16896
36312
58811
36744
86322
17765
88654
93025
58875
63140
19815
85135
29465
36879
57301
23881
49550
93292
79524
88525
33198
20877
23330
33799
35935
22351
75768
45994
5702
88560
3350
5862
39501
25505
68338
64917
37185
72758
18361
11999
40275
89742
80402
54727
59195
44402
99674
98076
73009
95717
60084
40505
34219
48853
45887
50585
70328
50283
27423
59008
75789
56188
65919
64780
79987
78712
60428
25898
10442
71091
68700
19759
45521
11515
86180
12746
67337
6476
52534
72667
29342
43995
10607
56816
7129
83027
15887
30831
3650
76180
69956
21153
71774
18230
31355
69399
13648
16831
96094
50859
86689
52527
97374
65625
11818
97343
60827
15677
91169
81948
3507
16380
30140
87809
65149
28502
488
6012
54014
31312
29102
67682
6383
34449
82761
24331
21533
98270
95180
5593
65725
71774
42431
52970
63324
1417
78845
29140
33078
10273
54225
13215
47749
90456
1904
66515
41119
73247
15356
64073
55210
28824
19583
56857
63113
4739
96165
55375
41983
68067
7747
92358
71393
33726
89847
42880
15400
64521
64023
42185
89672
2677
1447
23885
88132
21357
74871
83086
86645
71118
36396
61420
88900
89957
52039
67063
86778
47866
75582
67440
3122
92666
90850
6249
16751
64839
27336
64457
92845
2900
3821
91292
64192
48667
66480
4802
82056
22747
76397
60468
44588
44488
99931
38074
43276
87380
3477
14596
15399
71534
58527
64405
85086
45142
52321
25828
11136
69103
66375
4613
49063
7062
38959
70080
75848
83409
83650
89921
89808
70691
7914
37113
76478
83136
54347
22769
43974
23822
26882
43928
31701
39053
35760
44270
90053
79214
60731
65053
35264
70026
58856
85258
17800
32959
69560
56801
31774
61213
40976
87433
2348
72161
82793
99472
20684
15205
72657
91124
2391
38710
22403
63078
6567
46462
49185
48577
96645
79106
87349
57713
5645
82033
38467
34944
71365
92130
20452
76885
38114
21010
2984
56619
75107
85749
67896
62277
82929
26488
35188
51280
14061
71641
84856
92887
3423
68856
47405
35615
25387
8188
46946
73958
46817
9606
34050
47936
50884
18286
82472
88474
75803
49186
31487
52234
1635
19961
51874
95213
47724
67092
90168
72495
57855
56242
30049
76170
6018
45306
511
26466
49290
35237
12423
81784
52893
41587
99164
61041
91875
98765
10475
87465
93027
27337
58462
59629
61999
91306
85904
59028
9616
12602
40443
54631
24122
62435
91015
31343
18414
73365
20754
40900
74673
42925
78370
9610
94249
18297
77114
91617
82013
23604
28404
10153
76082
41528
46665
51380
27623
82451
85871
12538
5985
70141
67030
94223
38843
40221
23607
62725
63548
52565
25353
79453
5362
45532
27758
61098
73793
79109
7986
1852
47548
85150
58812
69440
66044
27658
87888
70752
69074
89963
44993
28896
31823
78454
50630
48972
57116
51323
51866
40797
54279
76771
92339
77580
55284
10197
39424
51832
67237
99555
67318
8485
95449
28396
89988
52445
33189
10938
3301
16232
66275
68419
15215
83122
80474
46120
58867
62429
89299
94034
49900
21059
3150
92511
92827
44471
40361
37445
28120
13295
15313
90229
43327
39319
61123
78780
39324
57168
61270
63327
9971
68420
70297
12200
71912
34814
39896
46297
83305
41387
68202
17570
75654
93848
61918
50299
59095
59502
75491
70963
92916
97050
79342
92840
87025
39510
56774
19001
97141
9573
55872
92695
26016
43831
44476
20356
59858
24936
73378
48102
3486
60103
4499
46591
76026
29286
52746
84003
19675
26878
45582
81580
62153
24889
45717
30471
53512
83513
20707
5153
85201
10341
95093
93094
98598
85496
52348
73155
88075
9618
56015
68687
1858
7144
97057
40903
97838
61882
40974
17412
58687
11609
10184
23611
44101
98018
2826
30583
648
70627
97447
66536
67094
73875
79190
84023
73649
31519
46984
4088
48784
88641
32753
12986
12327
14798
11392
70406
14267
86467
82737
63103
43793
95468
45045
59107
8114
17556
57900
52707
83559
37139
22165
56369
11603
93688
69955
5965
87263
36907
35426
59337
50463
16907
82098
31994
76203
17435
5477
90676
11419
77734
10383
79853
55721
85247
53289
94284
59208
37314
85827
20656
54953
30180
84163
53577
28148
20454
23563
8263
41777
71780
53408
75638
5548
44264
22767
83359
17172
47033
25402
80446
10410
81483
87926
69888
55342
82914
59065
71430
77291
17994
85360
69642
90370
10131
60560
74414
81383
49732
50724
95850
2070
79951
89552
37265
35440
35187
6746
57556
58891
79251
86982
40649
37740
1068
64344
6755
253
12063
47232
35091
56977
22434
8627
95276
19885
51189
39075
93045
47799
94701
14419
50508
673
86954
55311
7327
71743
78528
11628
45766
48437
42409
60336
8210
33518
31865
21460
73179
17348
23884
78606
46537
63780
56048
55833
52352
39091
89760
2269
31868
91602
7640
74387
50387
71489
63565
41704
47305
54530
8001
28164
67235
39001
14536
18364
74349
28668
39414
44146
53972
41277
89938
46678
95979
54002
61575
21970
96293
50941
43250
76055
91093
23111
17896
42658
85895
6577
69552
43221
48308
22959
58786
34010
9047
82165
14608
20250
9572
21573
84031
16763
10424
11556
92362
59716
69491
16849
94763
52047
93023
64151
62400
87803
94932
14130
51179
3409
21662
86428
30441
95967
43855
49051
79600
74386
87116
49124
46828
25596
8368
95032
21137
53518
72071
40586
95095
55561
16551
74231
73882
19912
72207
40914
79751
67806
37131
21624
17585
97114
22479
11438
47998
15577
79703
45329
63763
35528
57769
52367
6973
9907
72362
62641
71933
81300
4053
57043
73066
10910
98862
56299
2573
5710
85732
52755
86698
62072
90362
39735
46075
85014
18865
18220
65096
33465
42498
94277
11304
35805
85013
50863
95138
34509
54978
51643
24898
55089
84064
38324
22911
79942
34827
85083
4586
46388
96634
63768
21708
67051
34468
73819
53506
10566
95607
84009
88510
13869
22035
53677
45592
29069
82767
94702
60795
25244
82227
33131
19037
14822
51923
9141
46300
77268
11100
96160
18738
96215
50075
48837
74568
7878
8969
67990
78293
49268
91087
86943
86818
77558
17158
86618
91504
17552
55758
81948
16240
12585
58517
333
53762
79457
21717
44553
34558
89794
18340
66020
65946
32714
50266
67113
47520
27452
24075
18290
70898
12731
9620
72031
76750
72233
3584
67319
64209
62077
99310
8150
12943
1254
2222
818
54288
4232
42129
48479
91200
6027
71734
71037
82452
17919
42532
87487
46391
61808
61970
58840
14114
65896
65008
51811
76067
79618
58167
76085
65662
74286
20876
68048
72887
49589
36877
67628
21565
85930
53578
47688
79019
82572
33665
40412
6788
97272
37869
91161
44876
47014
72972
3329
22293
14630
81076
39487
97170
33539
1818
81478
40153
22894
88973
26328
41694
24626
16630
90303
1391
76429
69384
13971
94618
39769
6176
38631
16319
78391
34958
41859
57559
19979
1506
59816
96197
2591
32738
15970
81857
97397
42308
37248
22481
26479
50899
76584
10850
70294
65030
50673
97068
15455
2941
35652
22266
81527
97074
85100
70326
91610
99783
9463
56757
17952
83270
64197
69544
24199
50546
32909
45403
68474
78886
7130
14176
23134
51967
99348
28218
40943
97321
36746
48971
78546
51778
56955
14197
85500
86364
26819
19172
91018
12674
70001
3152
91829
25729
92998
95124
42535
98632
72463
72026
39377
57949
51894
30862
37867
4201
6132
97531
673
40477
65606
39619
26150
23528
79033
42487
67969
41895
86794
85418
37138
52162
77124
69087
48305
34393
6411
20720
63094
84719
41494
3059
71745
46341
26044
23361
36207
26380
54210
15387
2610
44848
33788
93880
37998
16859
48991
12091
86777
47652
10478
89630
46608
57921
46895
35006
44133
66706
46741
43926
18207
69868
44112
33752
30216
33750
75374
7852
30209
17233
69937
11742
27063
75187
21123
58389
11529
28580
37993
45771
87322
38431
28389
62243
68492
58894
19211
45705
73036
39980
267
41957
95742
51424
62998
53486
51267
54799
53606
86531
56061
40609
75019
44532
71461
20472
14972
1631
77409
90795
19745
14428
55739
67858
42570
6008
55940
43065
36479
84915
73300
27439
31784
74996
4631
22018
61638
26142
66524
17911
50355
57198
10213
77118
88571
88938
25339
65846
77961
38631
9638
88633
50954
23387
69942
83276
2132
92729
10840
86000
55376
38587
68830
71553
59829
20867
10469
34464
80457
20914
31034
62528
85962
55383
75394
21057
91442
29533
42419
84553
17177
86014
93830
76555
71688
39869
34497
19868
69505
56326
93219
9363
56771
94037
48255
93758
4924
44384
22772
51942
29683
12306
82339
94244
96174
5333
26310
90372
69917
70573
8014
24712
41244
50036
10508
55722
6374
34154
67119
14464
12864
54755
20506
152
99033
53702
11065
67551
14562
62884
83774
91149
6181
29024
4064
4311
9478
41048
70485
83395
74745
51136
79325
43100
47470
95923
31518
46263
98392
66543
2625
51331
91359
13266
34995
37588
19846
76315
59160
16510
31965
94080
2968
29646
21169
38370
83942
18961
3797
57321
8372
39428
32239
38859
42399
87807
77668
96036
55264
74889
50341
36769
65026
89711
31323
31682
52406
68487
34857
29496
55105
88803
12065
34523
46361
8184
30003
12987
78728
21889
75728
42081
49414
22751
37212
80528
21912
66031
91455
60475
81971
17867
3729
42840
7211
84048
7070
75883
253
62793
68884
68489
75993
870
88036
27433
68235
20881
1715
13171
49827
21600
77977
26196
88472
59490
33649
38645
33620
44483
68761
86531
33505
13862
67369
80403
10078
481
96767
15525
61760
82508
31458
64694
68825
87646
86969
70372
54818
57593
34429
99282
94737
15718
95409
50582
34051
51242
58029
95526
1536
7276
16856
67780
42116
72486
61206
88300
95184
26666
81287
793
60006
34874
65462
62351
91099
61890
7955
99792
7402
40027
52877
34748
19221
50303
71023
27871
96471
75201
45642
48002
86151
64593
52450
16076
9855
5542
57894
35997
65026
14051
67616
8077
40829
6610
82753
48430
53295
49493
59333
11831
2807
12236
77550
43405
81423
14034
89491
35669
84814
94630
14367
53864
65002
95233
70246
99416
52225
11444
28904
8078
94286
33146
29008
6979
71024
32473
67721
44093
69561
29222
89452
84316
69686
75159
42641
35124
9900
26326
14503
23465
40407
694
24813
15286
69152
69386
22289
49299
44832
88222
12220
85820
7836
65074
69856
96091
46443
19393
36445
60715
97960
44342
40177
54203
97726
61452
92876
36310
26359
83037
5757
91683
93695
77340
49974
44593
1155
32332
33823
53035
56117
49618
64874
6023
68045
30486
69264
24539
16539
12944
22201
64988
7002
11552
35220
95530
74157
546
16067
99281
7553
11820
2213
1001
29583
54642
13902
93341
62406
86328
27839
19215
84646
16349
3084
58519
75392
57654
98459
30626
37666
98181
1296
31445
16356
16782
67849
14365
92259
57244
87158
60643
52820
9588
37705
52562
89462
70597
82342
16299
8311
80927
78604
43762
88807
84692
65333
22024
23594
93836
13130
81097
43681
71294
75250
96204
81220
95567
96873
83227
84319
49030
4604
20360
36119
6694
73917
79812
55374
77757
38069
20621
17886
32280
40399
33968
38376
13434
25251
54815
75557
38593
59376
77571
79929
70943
47860
86803
38353
71659
53015
51934
75557
10344
66223
83074
54785
4987
58664
64904
92984
9458
25885
4300
32926
6329
27455
7333
56909
41027
2561
65334
15077
29475
94611
95351
20140
57522
28580
4556
55330
73131
29367
62254
20783
72894
32522
60631
28245
16594
8221
83894
68070
79959
53609
97736
14923
13874
55772
56537
30894
7611
17894
84247
89917
98879
65528
62736
32308
13860
16310
9332
22466
7575
42901
74305
34787
46424
84551
47518
96234
65503
20373
82561
81068
53991
68200
37708
79456
37250
78305
10182
92449
46058
74457
15033
61205
19228
92935
2226
673
78870
24100
83264
87937
36208
91735
68665
13891
82994
48368
32157
18097
88429
26831
93858
86500
38625
80296
17521
31194
3380
61427
59416
91529
49886
53308
73523
84113
41959
16436
21728
35280
62874
5182
58344
32355
72646
64878
50752
60425
21935
121
43785
8437
56196
40466
23854
66179
70146
10634
35196
78777
92094
64711
52558
47736
86771
51371
11996
5844
19249
96796
13684
79568
36882
71439
96900
27761
22001
13160
98646
54293
76297
54943
32910
13036
13219
54660
43437
7133
74303
39370
22777
78483
11397
47011
35724
11724
48690
34706
63979
36360
73233
80828
60269
87342
65122
41517
84923
97434
35531
10518
74791
76270
39340
31032
80982
64925
48597
84683
8997
55808
14983
51921
7817
25831
44495
34746
82320
81450
84574
94440
4531
23944
54501
62274
24585
1379
33641
93699
90706
39119
8295
35368
2807
19701
4393
93709
55828
38303
40983
97473
69775
91684
21345
96693
52027
75010
7598
81821
76891
13142
79529
80220
54143
42083
89757
54903
43239
46328
16828
61522
56241
94157
81119
44015
45948
17158
50106
82312
1214
79302
10800
53768
45710
42625
8023
69015
43824
15090
56657
2921
99413
41053
3919
81539
29602
580
17183
81758
15130
76875
91357
19082
42253
84262
66814
51525
62303
21581
83884
67114
6098
87480
72684
1085
35952
67938
84556
16904
50533
87779
59764
46348
34581
76031
50340
25444
91511
66349
84999
30875
61204
88971
46982
71046
15325
94082
80500
63452
80660
32196
65127
93665
42248
81551
95682
9892
95730
2602
23064
2921
13486
38890
13672
5718
87024
3989
396
50480
28343
95651
11329
76739
31471
86973
60952
60063
98177
16867
35503
92223
67948
39298
17030
13842
52791
12732
89875
32602
54839
18140
4903
26780
96824
1978
56636
76324
21482
69127
47514
59550
84462
21313
56888
77341
85790
38942
74866
85753
26220
54295
51611
31331
80516
41941
95535
4234
56504
50843
69366
76788
42687
76386
227
64654
64596
43664
96036
80260
96484
53505
26239
3688
58074
74372
41820
34177
25601
17506
2596
84333
14427
152
60422
73183
55730
52383
30473
37643
6874
61847
156
61818
91486
40271
59826
24286
63516
32454
48228
11224
25087
96210
66036
37766
32509
79707
10395
79922
46021
61407
55115
51868
42551
15151
95732
75424
36048
44707
17312
27892
33894
91937
85864
37077
15101
27178
25196
91530
42421
41577
67723
68170
84325
46770
20461
85440
5228
84738
579
18550
11443
64433
35148
50149
41329
74091
23243
55763
14609
88384
59971
92129
47010
95248
80034
48014
20987
37971
85784
92669
97277
77217
72149
16324
62228
14676
96467
48903
72465
9754
85491
20502
22973
91322
47518
64805
97522
55193
47496
93876
2769
7774
2460
3700
33742
78519
51765
91212
65015
8903
39653
17096
11697
79247
19020
14634
51588
57141
31748
83156
27860
94056
43450
86640
47898
9134
32139
58400
97111
31069
85499
7750
94519
72016
39778
33637
44725
1077
95529
42800
60931
11924
6507
57362
12572
84726
47536
86370
25406
54503
53595
21160
65134
16153
88191
43814
19454
58098
29626
87150
90640
30170
81997
90930
25454
88929
37139
40040
94328
59991
80970
76426
44512
71898
59502
5519
74376
58658
2339
18687
94147
72428
16315
27864
7455
7345
76862
21799
45279
53267
62274
37797
24611
49942
46432
55445
78854
35620
44247
9605
97584
36251
5900
58028
13010
16503
27937
63652
64133
21470
27089
14928
93525
43030
46779
75736
19440
18398
99030
59439
41987
6301
55762
55973
97117
15489
3519
77908
82880
1315
37408
23796
59857
34795
56396
93066
96802
63068
13847
16221
82529
48578
9866
33705
22316
41064
34092
83229
22617
39164
24632
36314
98042
72920
13428
94381
10519
96674
62560
55376
84947
99995
19652
10770
11000
33054
57720
15973
56489
8546
97957
48223
44574
89710
14288
17319
75280
7279
96801
66220
57366
18529
12702
69195
1414
72402
81271
39662
10042
27960
89453
38402
38803
89197
37757
37144
2018
21939
5238
37907
5650
31471
81944
7531
24981
47793
52218
51281
55798
66659
46363
39041
38574
20024
12176
5965
77484
13293
12802
10857
58780
42482
6999
45007
40161
95457
47260
53970
65000
61437
18078
31312
15038
50126
90352
4730
52770
75051
4147
13609
15458
44463
75886
40836
2713
94165
90631
63084
42981
4954
81096
49757
25444
13248
17274
51167
10194
32410
64609
48227
92197
48103
64980
79249
47246
23194
95519
35619
92504
88224
47683
65414
79332
67431
24416
76847
2690
8121
39363
28566
34641
73748
84109
73182
75929
77730
98818
55334
91354
3542
15878
45292
83209
14995
83156
7025
47330
96876
60722
91465
42969
78866
52640
16508
53807
593
61418
50023
82682
58403
10935
8211
72436
24891
17558
51359
59759
50249
36618
79901
17079
53943
27395
45564
58062
51367
18604
4840
71508
8067
69105
11718
72240
3685
25842
44947
99395
10557
13703
19240
6979
42377
51190
59933
6431
15027
40447
96088
83161
88228
48979
60734
16039
13094
13409
71332
4357
72521
75350
83693
98867
48227
77230
81801
7205
46765
15752
20224
77029
94297
63558
24527
25801
29213
78787
79511
54758
9242
43373
54131
44791
57998
64957
71611
48718
74573
47964
33368
62092
36247
32073
69785
58731
33292
52500
84560
3320
79560
12454
69477
30238
10552
5475
90476
25352
80925
36291
45135
57242
3925
99985
67245
65748
11177
30400
74978
5379
4873
7765
23152
22032
30168
95666
47831
40860
34480
66756
37707
74481
54733
8259
96232
83805
38813
38941
81130
6774
40170
8964
53840
17695
22515
59707
72128
9833
83715
23609
23572
78859
54131
82015
1307
9760
77606
85387
82900
9188
6046
30596
4804
39264
71760
77970
40467
93689
52096
55636
7904
73960
80236
49949
6778
78842
25351
23422
89331
93657
7587
6873
84433
73887
88099
82857
33844
92236
50299
29442
85423
11621
10887
94442
37432
75840
93729
87192
27220
80845
76382
47673
43771
49536
86791
79518
2533
83102
84278
27732
41532
17010
96440
10050
10237
1636
62810
99782
67563
46497
58881
5812
9567
5023
88097
58402
25100
10920
88115
52495
43000
87646
16347
36780
96643
17192
40432
6152
52935
31181
30266
46683
796
55947
70024
93542
30615
37070
262
28741
5251
44340
38331
97371
42102
36907
89635
31285
60445
48581
15135
10848
85826
95185
66121
33648
11271
11419
50192
79828
10639
33985
71802
51489
45156
89639
55837
50018
71952
14540
98445
20399
65414
20123
49602
75444
81860
82255
95697
77145
36175
6807
34193
1046
53448
84457
80744
83885
97451
79447
71828
17199
79565
288
70920
46687
4997
15205
40248
47113
27914
83814
54549
98793
43176
62483
94261
58186
65014
74867
86476
76915
20897
43555
32915
49051
28724
57583
17110
11441
65090
9446
23879
18011
74219
21967
22167
39720
7577
86978
40855
49507
92874
44884
61954
65747
77616
54192
59655
94308
47426
75151
64815
31408
10994
6542
50797
99185
60344
38992
73956
67251
98102
93319
4863
6154
39129
56789
92488
39905
86465
31579
25842
59812
13883
16876
37872
50140
61370
71461
54042
29069
8957
27975
95169
75078
79964
17045
61189
62200
19609
84939
74714
47524
47470
49437
28502
95201
31228
62445
97942
41817
96309
82402
65334
92408
72643
47511
76079
26318
32660
11280
57235
68800
50498
56748
83135
96792
42030
62176
34995
16120
18917
16119
41187
55600
86031
56795
62741
80744
27051
48497
92936
85264
47313
1642
24444
76371
56018
80537
64552
74347
83193
30324
84298
74002
85701
55552
96662
44082
98339
51052
27740
79555
79067
83411
56663
9965
85213
80040
81785
44567
19669
41516
95357
69681
72866
60210
64349
99252
9801
60742
50723
25922
67823
81410
55484
9996
95640
54798
96709
48989
99050
65114
14847
25834
30591
89700
19392
5479
64091
49600
37954
27881
94121
72752
96540
59755
49110
65176
83603
17382
95396
56671
82537
57531
76541
81297
66651
86400
48551
99202
91839
89684
97138
88055
58593
77087
21698
93588
8833
64639
82888
19547
47325
31505
77867
42709
31296
54139
7409
18975
95681
32340
13130
89760
90102
66778
34284
52548
40895
14852
35860
12718
36552
32036
73474
35826
58186
25586
79746
60163
71021
52334
16050
54612
4204
30242
5238
77603
17868
63556
98974
72051
80999
9724
4582
21926
68494
10607
57350
16736
92321
37318
18651
76095
30902
61056
70085
94692
19788
65943
75132
45304
6228
32447
33105
15952
72953
44567
29079
39590
22883
42283
58507
63461
24506
39990
78574
40183
45443
57819
84397
69185
47308
561
46798
89861
33204
62558
3279
63956
25653
45577
25735
5164
28668
4114
30496
93352
50781
61218
48065
35136
4298
95809
76614
28683
66359
9414
31830
71716
37230
39447
56565
30519
86023
84637
53721
98443
42033
75110
44080
14085
80944
26837
68449
51989
64645
12638
79308
30041
93588
59998
10125
71494
41163
7314
20423
45214
55274
83102
82878
40551
86331
98533
89090
1255
59040
87507
98966
70605
65355
99178
39761
33795
95469
4197
77588
59348
32737
63541
10934
23486
62899
92420
64258
38457
4791
26307
71637
32902
65369
75466
29857
10248
45939
31435
3205
88637
8397
25433
13591
93257
63319
37005
10195
29943
80061
62594
23118
17061
71447
39953
78114
17584
93085
34563
50833
80051
64514
41622
27041
91430
18109
68614
78016
90811
83136
41275
95718
74352
14045
53148
11016
66446
19653
6416
8376
64410
38346
22675
41412
4150
89492
80662
7081
99013
97137
86302
24753
28029
60180
88141
91504
78246
1020
12967
54617
27388
58542
21530
16670
22850
3927
17703
17419
79975
26638
32454
48471
96666
67825
1925
8849
71059
23622
28338
16265
86760
79639
3033
28463
66255
99186
30097
55830
6874
14678
48924
3348
84763
51745
27885
53793
87119
36402
41110
98693
13751
23607
22460
22578
2745
57173
97381
84176
78230
13696
78934
87939
74929
32175
51610
69475
88326
53586
82558
81561
73994
88131
34282
5754
43879
16397
22980
47022
73150
41137
88248
2813
44282
61080
51438
42576
7921
37618
31198
57541
81027
7940
75982
72346
12651
14261
67370
44547
37050
40392
62875
12954
96252
41281
49817
78696
56826
66596
87165
12225
12020
12627
21136
43490
48515
33998
23512
44992
96782
56168
72144
2476
12532
39477
6555
87011
38986
30719
92759
66783
88129
26414
35240
4549
31881
30295
94756
73046
75212
82126
60816
34492
74050
23128
59498
75364
79969
10992
87161
75755
2564
58526
88899
26499
68772
14181
94255
72191
71500
68237
54390
8063
92048
85988
27847
95369
17735
83882
49468
97588
25122
3268
39828
82216
28062
25321
88251
35233
9349
82682
28207
37720
38161
46950
43967
65026
54825
61833
81498
54215
71850
97388
14775
77132
5247
51126
7871
74007
32636
565
67419
54601
50654
1847
18623
83928
8074
20723
31687
66497
12064
42467
88582
84642
74401
14599
94606
13911
98443
62579
4304
8519
76309
86858
32028
31689
13673
28764
46644
94968
58928
61916
69813
26801
67092
54463
33805
21498
65487
78301
4983
63767
46462
41095
50580
75689
471
78240
47482
85358
52291
23310
95118
4089
41549
46704
63456
16959
82885
91905
28455
6224
56009
76310
87182
49127
94872
75874
67248
2715
32273
21592
37585
7336
124
89728
74900
52897
94883
92901
17814
13845
61309
8667
60553
10838
6525
49817
19349
82030
23560
58469
94449
16231
52846
84287
60560
17541
86206
30164
99810
8931
34860
48288
99319
10262
89984
4854
86642
9047
60204
13136
35637
51811
99962
4576
95502
69289
32317
11203
40542
50272
72305
82831
44112
32807
90116
50821
55410
2374
21520
96234
50279
27480
51449
81774
26229
86108
94211
10365
68763
33610
21287
94598
83280
69343
82336
85907
95143
33262
71893
68930
38096
33959
81433
39178
26846
77383
18670
51570
52363
25262
95496
61624
64932
32360
97498
24104
12201
22771
31613
65907
92109
39807
90923
94683
87163
53239
29432
92843
67686
66643
89752
26506
40092
2587
35368
28944
65341
6444
26668
91388
47590
81995
22860
62619
22867
86663
51058
49738
28298
13742
77150
71043
22153
14689
32587
69981
44872
59131
21002
89468
34480
24246
92897
31158
86673
39323
82304
91567
31767
72475
36193
11938
69340
32641
91865
55253
11453
51015
27574
63222
83039
81190
40624
41165
91940
51834
25225
75619
93997
6126
56616
53350
11727
60676
91198
20036
68710
78159
69368
62840
33844
38018
91029
82893
83583
37379
11022
82590
65025
92565
53607
17134
75170
57435
68199
98766
12221
93999
54151
4408
27408
50036
69693
70414
76987
91798
14136
96495
9963
26411
12926
30378
13690
40663
56518
76139
94702
24127
69811
20680
72768
63772
82932
13876
57041
93547
76788
59041
39244
55370
55806
56282
26049
75642
65296
86705
57002
95556
2299
10058
62549
56140
85496
36408
51487
67849
4589
26084
92194
59998
91366
36222
50054
70998
59221
13947
38388
13554
87532
74022
17489
91359
25507
33935
86582
44511
57893
64754
72398
85597
79465
94618
66512
24965
13007
11436
65254
9824
92695
68589
58765
6609
67964
76876
97275
81916
11386
16389
23066
92823
19830
98161
28096
52970
36560
40293
28553
46062
18245
89232
31911
71372
28505
4802
68654
70989
49299
17880
97667
14907
11987
70301
94806
37679
21765
37287
82341
12872
79045
4816
74485
63986
80165
16313
7511
96384
49440
16136
72067
29035
18613
56383
38047
38662
9043
8859
9912
23075
93902
84247
76272
98263
19397
4542
47665
26654
20512
60754
37839
8004
63994
80850
74471
87031
15582
80979
32792
18240
1115
13065
66065
24860
55442
22137
67561
83552
15022
12448
47557
56667
28869
75934
89357
65598
74749
16855
18546
20109
86299
70597
53638
6449
54000
6644
3040
5408
79299
10783
8347
17592
95717
41636
95052
50803
92437
51037
56404
39129
37045
34412
6628
36071
81987
65424
42990
40629
25681
77391
79320
87262
87476
44414
47438
68677
84952
45608
44422
19796
54029
8034
98117
34546
52015
52936
85253
65820
1562
5458
60895
35972
86847
13527
26537
46007
16613
4451
38372
95980
70743
3426
60614
48586
20501
2636
32705
72986
16726
69220
44917
82713
70511
63045
62779
22576
35015
55454
17763
30806
11574
4832
81128
17612
6857
84388
47972
67948
83185
37568
69210
34919
13882
4159
99311
20988
73430
92915
13481
61754
41529
29701
48737
24843
22824
2041
36226
3542
70577
49553
87499
95955
13480
26617
38143
74791
37867
55664
92678
47549
33177
51106
99027
15840
21027
71944
47872
94268
5734
68102
31774
94993
70437
48421
30682
33842
59330
97376
58500
83562
45628
55811
1649
67038
32159
4327
1491
34683
84145
18281
21198
96954
52697
20671
88773
90710
5509
81877
38450
88066
88946
89949
52718
88558
70200
29063
63512
1562
12246
35487
22151
7712
71562
33077
97016
87744
74704
61720
75840
20528
57986
41839
47148
33834
33677
69022
35474
63624
77244
38655
65136
71027
97013
86744
61573
64548
49640
49658
89848
87774
93047
78935
51368
44440
91492
19670
71604
2851
635
34055
86311
65898
32233
45635
13290
33028
92803
60603
72836
1290
3204
55012
45067
84465
9508
64155
9251
28670
13702
40299
54224
93308
26745
11565
31538
28305
80921
58263
48189
36961
81546
80579
76115
7387
37935
93966
39060
56712
79287
33580
58356
19815
29001
37016
62232
87371
75083
64409
85189
63348
54546
77715
86145
44247
79692
41424
92230
71628
24223
9908
33825
84416
21911
57561
16549
77750
17627
65200
35701
82311
56546
63680
41174
37120
91455
60032
42614
33387
18519
24669
150
27239
8848
36913
52942
36236
40462
17299
76370
73305
2694
66104
97854
62665
40914
10451
7484
64901
48238
37111
53916
85935
69331
12278
13594
96973
1169
83682
82650
94510
71282
8485
48888
6683
39216
15406
32193
14333
49247
4148
10763
64944
37476
60775
16278
17540
56009
99399
89876
20916
56453
34237
34
62143
48781
22964
81144
29691
23271
41113
87346
29788
96471
44789
73467
64390
85803
34360
20548
1222
47727
33919
6827
98084
46563
5
19378
41698
86460
83889
80097
57896
15434
14025
88694
43110
46927
67299
24633
76639
77989
40289
82889
24862
18008
54544
64263
42578
96728
14774
78098
73515
45143
98257
20436
74449
8403
96597
54369
72169
30492
21708
80263
6686
4893
22465
12681
18146
31612
79622
82196
65863
13011
7752
62868
60708
8227
3374
15201
61010
68245
76346
4027
50467
49626
22853
29200
48786
95924
82030
79164
84866
78739
43190
43728
72989
53589
38465
76140
9140
95338
25639
65177
34160
10442
67708
57419
79340
25177
50281
18744
27380
95214
7869
22539
92171
82496
5524
95631
46437
35366
60854
81076
48642
87613
50332
66801
10642
45139
54824
41418
20111
22100
57094
12047
29542
10402
37649
58715
397
23555
23636
97623
29580
74562
93219
76055
62698
17864
73380
17227
88885
9909
41749
74760
96341
58756
55640
75205
61085
50585
81912
94055
52039
97209
94008
64923
3659
13685
99098
74929
66156
44270
6911
88004
91430
70776
7095
30741
81471
82035
54090
89943
47940
3564
31547
78208
69716
17342
49328
46517
9520
26589
29886
87135
1957
95841
95199
94881
39876
73497
98112
60989
22649
35865
2053
54673
85125
1763
8703
74157
81176
8816
25675
84225
65823
87518
64302
10275
6507
47186
46699
53623
86408
96603
32040
99099
3080
3129
60198
94874
12781
78082
7592
61578
98663
69533
90756
79683
20332
20658
3248
67726
44397
31294
71089
96364
93040
1665
54968
15585
75515
88707
75655
46881
90199
81433
23594
52619
78599
98954
48813
40858
72045
15826
30887
76694
57639
87241
39264
53274
99785
80620
12890
61413
22680
32763
77839
57005
85625
39680
69197
68573
78004
56176
57804
22802
30605
52296
77028
49885
82056
53049
50167
78491
10593
26026
49516
14835
61103
64377
66430
97647
97311
54778
62275
42032
29575
58543
30353
89972
36163
64706
5580
61676
6209
21423
77356
56375
9058
35583
19391
64032
48196
79215
4100
26667
13194
19549
71500
19039
43286
30671
6979
21070
54975
76065
10506
28303
46497
22863
66595
61535
48159
44545
12617
54960
9928
19972
42413
15927
65660
45594
34514
49593
36351
41260
55326
81304
91048
65304
98961
61651
81802
12180
86684
39248
25078
64539
16754
10412
85780
5594
71166
59760
43258
80452
70551
77007
66361
43297
4926
83165
39488
70199
76031
30851
90640
27012
91755
74796
94617
15018
45441
88094
10216
63232
35556
40002
96658
57755
23675
16155
6149
70675
41100
40223
77205
47116
63323
11416
54662
49373
62152
89830
82318
84427
60750
95545
73665
76376
688
53044
58923
89899
45839
5377
63407
28999
20934
82037
59816
31967
39809
41704
38738
75933
43412
20234
70528
24005
98651
26226
65741
21375
13594
65757
45754
18675
24063
93918
93428
35120
97929
35426
66871
54145
14236
7157
68473
3519
45137
47475
47595
61743
38841
88017
37171
26292
88501
4359
56469
59128
69221
65829
85513
88783
54643
84203
22318
19691
24278
83299
37040
27437
64060
58925
25814
51796
95367
78464
18239
14481
9055
95421
92379
84387
37518
91675
73367
58371
94617
23808
31871
45180
62341
46390
68268
70522
78155
9494
27103
60084
70507
97897
55146
94906
52329
15118
10665
30562
42862
9726
67249
159
68943
45833
39961
25675
6316
27910
24866
84368
70551
97120
8623
50416
79375
54644
67969
9994
35541
96977
80401
71366
45485
45961
71773
45869
23261
95219
2202
68148
71314
77994
21868
84776
58623
35818
7022
18209
38940
85370
14206
6897
75823
62965
97822
63671
48031
12537
10581
27030
15322
78369
96536
64116
14499
2952
21290
47423
50111
50157
86805
21694
58128
32047
30254
20008
70914
59802
26348
56453
71058
14664
52809
4062
78878
50089
31337
1779
47739
74312
74999
20937
85134
76661
82101
65799
75463
44965
3841
94615
64898
70314
21587
85884
89426
84376
72062
16742
99905
3845
44884
83310
57697
782
60088
38923
56133
14030
24830
34249
9168
41909
99410
89251
25538
75344
15498
78720
34800
62094
31092
29475
83934
64515
34769
2412
49339
17187
105
82692
51689
39629
77262
26986
89998
13556
43928
56109
49672
50022
38502
77429
12752
33632
82858
94463
139
55501
26847
78386
41668
62975
77084
81856
52995
16811
93452
93195
33101
23442
32974
26134
4291
88250
71470
68924
37002
4349
43661
90315
84773
37957
85275
95112
96592
91112
23366
21826
50810
96863
90939
57433
36888
58568
83230
7062
63880
35987
64693
80705
42799
49942
95157
2352
71797
83825
40973
68653
2188
52836
63115
67365
55163
82970
18278
14243
42059
44506
64580
57075
3205
42500
24111
95371
32152
25105
32856
93555
74409
20123
41804
80166
11455
25585
31768
87039
8131
110
62445
69587
73766
6264
32475
5421
45006
88372
49905
9269
68562
55959
7326
77663
16230
18698
52695
41173
77845
10449
69587
90985
33653
71381
2203
52628
23297
18243
43989
19551
80915
93423
38365
34429
93466
56389
72190
45336
6766
47696
97154
45965
9524
29095
68710
45670
28010
31956
43590
63095
47985
14965
86280
15520
73595
45712
50580
99948
16481
8486
31546
60463
77872
56489
5534
38566
46655
38954
60766
25944
73766
14643
32216
55257
8594
33495
62770
14338
37352
7150
35666
32706
88067
90103
15816
44887
49842
21876
31748
25753
96205
38317
22637
98046
74605
87312
75132
85332
29645
20847
45498
4091
9316
87502
62597
79253
23439
46849
19709
97867
82686
23912
88882
19871
41648
67192
6604
71788
17615
61869
99683
67640
62557
39867
96596
84707
71685
70660
81561
48801
82573
4504
71410
37038
95455
9060
92632
85315
41643
65765
17811
85377
66436
55454
91577
15062
9964
79023
17531
60048
80236
22637
95563
66175
18077
78853
82754
45414
94076
80517
62353
96877
46683
59370
59274
57550
3337
48606
37266
33107
31366
25746
83714
7029
97221
51283
20234
66758
48541
43843
57131
35476
33618
36357
56794
930
31299
72275
74457
37917
22816
18889
79609
21050
36153
8246
87854
22181
30856
18923
80253
65677
39355
87614
78850
54858
50065
5823
75966
33487
7753
42408
51427
20100
97625
40943
97565
44655
74762
62265
49027
10717
13404
74065
588
91441
36186
41712
91686
61412
78459
35866
83352
54718
60383
55780
23720
91927
5929
37448
23074
45783
35584
88935
41193
47961
22293
81082
57252
13415
1462
39300
6900
86516
30418
10972
30622
84074
10445
31830
44408
13024
7122
69256
26316
57262
45573
91850
67384
54353
31778
50421
60842
6679
4539
917
88897
76948
31507
68458
46960
27742
23038
53005
78256
78193
69407
26629
78368
97045
32997
38009
60534
34397
55378
59192
53373
11081
24391
80610
23730
6877
85363
79101
82611
42943
29502
2945
55442
37915
86222
65147
71438
68250
86470
62577
24538
67455
83830
37413
67631
59154
98513
71841
41251
54397
97807
77035
643
92230
57589
20894
77016
79377
8813
6352
1490
14069
76448
99861
99923
11988
45719
77653
36293
62702
80435
7941
50764
1372
79559
18530
70596
18405
67440
17749
32619
92227
43743
54034
31210
89110
41840
17819
88055
71396
3460
62619
54082
44681
43057
94631
50804
80270
60616
91135
72341
82694
66540
42928
26346
46770
95913
1977
77523
13645
38936
42282
41331
66436
5690
48291
73951
49241
21060
7807
35960
65183
10775
30929
9865
2456
84756
52986
65325
96995
79601
16207
71085
6489
52958
72463
70566
20093
90042
49770
92686
39063
2094
47458
22318
98134
98966
76326
311
41281
93035
83030
85556
20794
2479
97343
75219
49382
54934
22190
32063
4337
37407
3199
13721
29013
2134
83483
59430
13293
62692
94676
14823
31882
21659
28323
54218
717
40778
7421
88865
31051
19138
72173
86582
35311
4662
40516
67191
24148
89572
45460
52785
427
82742
51499
10654
39707
45424
2307
28829
71114
14632
11376
94312
23581
19111
42826
24569
33666
21598
89652
33111
11690
89053
55490
29134
9150
25644
51326
75827
11813
36741
5288
51836
35111
26297
73772
49268
22406
70592
86360
85765
61260
67758
3817
44224
11890
3229
17773
13542
59695
69947
45204
56551
2865
32488
78762
25250
97774
92824
25089
74620
32738
85779
17589
47140
45791
31728
51357
27125
58581
10415
29137
49480
2661
88951
97158
76341
9520
69087
74475
95634
25524
88732
84434
1239
97204
7769
99265
77633
81099
93051
84960
93631
45616
92874
54940
13570
3701
72830
24414
18532
76834
40599
14986
33160
38610
90718
59088
29628
43226
16283
61292
98005
33010
88033
3017
54502
5359
96314
46403
74164
90875
54932
45963
15677
14029
34851
83987
90829
65222
76234
1626
71316
6392
74191
76383
13252
83886
73602
60232
94569
16829
98183
73122
5589
31042
76647
41278
56080
67289
52707
80294
19223
45375
47212
39172
8453
85266
65944
61397
31771
64804
82850
92092
80078
9752
11191
18124
69077
70499
6954
70058
44446
79063
71662
99768
88617
33921
47482
61324
93689
73252
37108
11019
43337
35097
97128
88252
11058
98707
65769
7588
91275
72542
49821
52256
5926
13938
22957
4212
59058
43804
44020
27713
92952
51840
18954
18097
46286
11771
99951
31629
45285
70201
81749
59668
98569
22825
71807
43103
63553
75081
84101
91524
71603
45538
72063
76684
53593
99469
19882
15635
36974
26999
29488
40041
48739
96063
12837
21176
85214
95874
15677
85993
49060
55942
28486
83219
53492
76467
17393
27666
23364
22901
25297
73525
51386
46018
14967
98275
82891
44018
8774
7740
15823
80497
44517
80596
65654
89722
2676
4017
34819
82220
40049
48987
29628
10155
52244
14516
72685
85756
47497
53354
67449
44785
19353
83831
19538
1034
62914
7168
27326
81483
32110
46757
55897
82546
54321
83322
47539
77090
53438
40762
53510
95794
4518
83936
64491
65709
98387
50777
5188
30934
99194
13326
49134
34195
5970
74986
60858
12951
27478
16747
23022
45148
74958
75578
36525
57334
33679
28875
88919
52742
18690
76879
83811
18300
6040
90998
90260
79022
94152
89759
52376
21845
36411
72559
61664
26405
91443
48222
36492
60069
861
49897
6189
29228
35435
4022
31127
45430
65836
89113
51565
61654
8715
75738
81815
63617
27360
67010
21900
7465
42467
79382
8341
97572
29024
50923
31808
12976
90066
91812
30396
70821
82225
29006
88269
39129
37050
80146
82469
15026
87579
38965
43311
79275
59800
27636
76323
32174
63492
19306
55492
38169
74531
98091
79612
88155
28095
36684
22638
85220
17446
63487
17492
2230
95056
15190
3923
1737
76108
35602
81639
88394
3252
61266
47913
91447
51012
14151
21395
88135
19617
25191
23549
55278
71702
80932
87479
38530
90923
85253
75641
64944
84544
97550
89748
95024
99074
29976
66577
8033
9222
5187
17183
34027
55224
12173
96231
69809
51614
13603
45720
